%YAML:1.0
---
camera_matrix: !!opencv-matrix
   rows: 3
   cols: 3
   dt: d
   data: [ 8.0353846006247511e+02, 0., 6.9270677446569539e+02, 0.,
       8.0353846006247511e+02, 3.5324422199419445e+02, 0., 0., 1. ]
distortion_coefficients: !!opencv-matrix
   rows: 5
   cols: 1
   dt: d
   data: [ -1.3350838718434685e-01, 2.6852002373203543e-01,
       -3.1958124154164227e-03, 1.3293907729077814e-03,
       -1.7656563847730422e-01 ]
